...............................
...............................
XXX.........................XXX
XXX.........................XXX
XX...........................XX
X.............................X
X.............................X
X.............................X
X.............................X
X.............................X
X.............................X
X.............................X
X.............................X
X.............................X
X.............................X
X.............XXX.............X
XX............#X#............XX
XX.............#.............XX
XX...........................XX
XXX.........................XXX
XXXX...........X...........XXXX
XXXXX.........XXX.........XXXXX
XXXXXX.XXXXXXXXXXXXXXXXX.XXXXXX
XXXXXX.XXXXXXXXXXXXXXXXX.XXXXXX
XXXXXX.XXXXXXXXXXXXXXXXX.XXXXXX
XXXXX....XXXXXXXXXXXXX....XXXXX
XXXXX....XXXXXXXXXXXXX....XXXXX
XXXXXXXXXXXXXXXXXXXXXXXXXXXXXXX
XXXXXXXXXXXXXXXXXXXXXXXXXXXXXXX
XXXXXXXXXXXXXXXXXXXXXXXXXXXXXXX
XXXXXXXXXXXXXXXXXXXXXXXXXXXXXXX
1 1
1 29
113
6 0 2 4
7 0 2 4
7 30 2 4
8 0 2 4
8 30 2 4
11 0 2 4
11 30 2 4
13 0 2 4
13 30 2 4
14 0 2 4
14 30 2 4
15 14 10 20
15 16 10 20
16 15 10 20
19 2 2 4
19 28 2 4
20 2 2 4
20 3 2 4
20 27 2 4
20 28 2 4
21 2 2 4
21 3 2 4
21 4 2 4
21 26 2 4
21 27 2 4
21 28 2 4
22 3 2 4
22 4 2 4
22 5 2 4
22 7 2 4
22 8 2 4
22 9 2 4
22 10 2 4
22 11 2 4
22 12 4 8
22 18 4 8
22 19 2 4
22 20 2 4
22 21 2 4
22 22 2 4
22 23 2 4
22 25 2 4
22 26 2 4
22 27 2 4
23 1 5 12
23 3 2 4
23 4 2 4
23 5 2 4
23 7 2 4
23 8 2 4
23 9 2 4
23 10 2 4
23 11 4 8
23 12 4 8
23 13 4 8
23 14 4 8
23 15 4 8
23 16 4 8
23 17 4 8
23 18 4 8
23 19 4 8
23 20 2 4
23 21 2 4
23 22 2 4
23 23 2 4
23 25 2 4
23 26 2 4
23 27 2 4
23 29 5 12
24 1 5 12
24 12 4 8
24 13 4 8
24 14 4 8
24 16 4 8
24 17 4 8
24 18 4 8
24 29 5 12
25 1 5 12
25 2 5 12
25 9 5 12
25 13 4 8
25 17 4 8
25 21 5 12
25 28 5 12
25 29 5 12
26 1 5 12
26 2 5 12
26 9 5 12
26 10 5 12
26 20 5 12
26 21 5 12
26 28 5 12
26 29 5 12
27 1 5 12
27 2 5 12
27 8 5 12
27 9 5 12
27 10 5 12
27 11 5 12
27 19 5 12
27 20 5 12
27 21 5 12
27 22 5 12
27 28 5 12
27 29 5 12
28 2 5 12
28 3 5 12
28 27 5 12
28 28 5 12
30 0 10 20
30 1 10 20
30 29 10 20
30 30 10 20
2
21 6
21 24
